MSE: 29.095169866715494
RMSE: 5.393993869732843
MAE: 4.214763142474852
R2: 0.8804332983749564
